000000 000000 000001
1.0 0.0 0.0 0.0
0.0 1.0 0.0 0.0
0.0 0.0 1.0 0.0
0.0 0.0 0.0 1.0
000001 000001 000002
0.9999989808470889 0.0012199963163486008 0.0007415617115715734 0.002136021
-0.0012218371357802188 0.9999961609859342 0.0024869916380317824 -0.001172506
-0.0007385247440685434 -0.0024878951710446853 0.9999966324737403 0.002257978
0.0 0.0 0.0 1.0